Total path length: 2.991493984616312 miles
Total points: 8
0 0 0
-0.003334426848082579 -0.005240262982936677 109.11950025974822
0.00011367597260533886 -0.010406436177237691 124.49775246517633
0.0017459845124355225 -0.016399292538468765 103.9277088673671
0.006415783162203136 -0.020494623917756513 114.08584582835111
0.006348657269318805 -0.014283806527907186 100.54149641831926
0.0007183201366935035 -0.011661200513170886 113.66069215645527
0.003994586831504919 -0.006384379966665651 102.5044490554759
